-5.623071699743500407e-01 3.112403631147241112e-02 1.033649498577523751e+00 8.894555201561925306e-02 -1.792763354979016732e-01 -6.252741234325731590e-01
-3.005168555134680175e-01 -1.706774348277857040e-02 9.958427636344747702e-01 -7.544232628369658411e-02 4.306024785023230272e-01 1.994178340094756585e-01
-2.550896859346399870e-01 -3.171907636149430276e-01 -5.054710739070261694e-01 -8.187082976180595217e-01 1.093402133485166239e-01 -3.029314066670276695e-01
9.356166741151390465e-01 8.655432445488320248e-01 -4.496597307999624094e-01 -7.921151345810503175e-01 2.153301567086007839e-01 9.606185203653487825e-01
5.525962357528879654e-01 6.477838633254060507e-01 -5.135216090433630809e-01 -8.061183055462581848e-01 -7.811000278831576882e-01 6.707811940413819229e-01
-8.737382929659649466e-01 -1.198985606792619896e+00 -4.767370677145084112e-01 -9.443257860399438819e-01 2.860796197805157703e-01 -9.825863055035530813e-01
2.746176005509999851e-01 3.283274421057399972e-01 -5.233601795127814649e-01 -8.570140567161258494e-01 -6.603665916109286993e-01 2.908177200522237271e-01
-2.575275959459150110e-01 -4.440691986711030048e-01 -5.601565190062607336e-01 -8.996250331501616238e-01 -7.064071678521470776e-01 -3.391365830554482486e-01
9.285307214859600533e-01 9.052115132655580432e-01 -4.343940131868035404e-01 -8.769696362081920160e-01 -7.766443389830162136e-01 8.454313786535503361e-01
-4.910196625294789841e-01 -6.205356093762820491e-01 -5.251298133726801654e-01 -7.662374058309894265e-01 7.369015789763786461e-01 -8.388613511940212764e-01
-5.423506642286060053e-01 -7.653774149204819466e-01 -5.276548623202561572e-01 -8.338116171399001519e-01 2.016720016012396588e-01 -6.876547378554147549e-01
-3.393573818521850027e-01 -3.140759469291229955e-01 -3.904579284309401821e-01 -8.232474206665434391e-01 -7.645911648411125583e-01 -3.468164033033793725e-01
-5.057204995972740535e-01 -7.397703962053630011e-01 -5.119853733393437967e-01 -9.647250188025799922e-01 6.568665134826150442e-01 -5.703464303238467981e-01
-2.417011492957500118e-01 -3.113373551960990082e-01 -4.852620080585899887e-01 -8.675031919858580132e-01 -1.933432695513435107e-01 -2.590974628289119952e-01
2.531568650217579930e-01 2.684887960804049900e-01 -4.402619408702372894e-01 -8.660216626971065645e-01 1.233117485610859543e-01 2.462460998801780931e-01
-2.915484297144920189e-01 -3.815819329168880225e-01 -4.532203053583170327e-01 -9.263489961529710603e-01 -2.893130531247685155e-01 -3.295886327029207141e-01
-6.252972344057460274e-01 -6.391631421001390256e-01 -5.035801938131891919e-01 -7.815202929475224547e-01 9.815730194231209182e-01 -7.761983305771009700e-01
-5.780446588989289758e-01 -3.592541751145160167e-01 -4.034220904837720889e-01 -8.168816287891424999e-01 9.992128950819494371e-01 -4.290673918943090914e-01
-5.585271025942775691e-02 -1.298729995076030042e-01 -4.385897271874315551e-01 -8.092684968743725227e-01 -8.388969616775974192e-01 -1.116899928434769151e-01
-6.301141755361030494e-01 -1.007325952899210009e+00 -5.392891719455836785e-01 -8.262063736362909028e-01 -1.538473726120559437e-01 -9.187540467787096432e-01
-6.505685644979990467e-01 -1.090902355495380061e+00 -6.049403783040644411e-01 -9.155692568900573036e-01 -9.359649392974023208e-02 -9.038336256078576270e-01
9.564427947309479539e-01 1.080584912255720065e+00 -4.514055654925467342e-01 -8.996209676708891712e-01 -6.235372308879756353e-01 9.429263866147825635e-01
8.181122556930080503e-01 8.108240886371980150e-01 -4.435209642215126591e-01 -8.519482002279858968e-01 -1.442357266064366872e-01 7.623845314390256256e-01
1.080696198724839935e-01 4.360386434875918038e-02 -4.232260973263977100e-01 -8.728380896306167092e-01 -9.291781179178082439e-01 5.038745547189660279e-02
-1.088819075940770098e+00 -9.073937145767150270e-01 -4.242012710766169814e-01 -8.424980560551545983e-01 8.826370090150430503e-01 -9.327892161944433269e-01
8.019764258282470193e-01 8.780136350782610233e-01 -4.694279874753164994e-01 -8.331992302090719393e-01 3.301043035313910856e-02 8.186310286605908981e-01
-2.263103425134750102e-01 -3.251191136439089968e-01 -4.656091021927589724e-01 -8.035078293202411182e-01 -9.085959270873600335e-01 -3.082174537056174835e-01
4.264778638926949861e-01 6.202971568003150526e-01 -5.339200395942480526e-01 -7.929633796361851283e-01 -4.283941509602382514e-01 6.708417146103073936e-01
3.834864299696499890e-01 7.691593944710559683e-01 -5.343822771964710228e-01 -7.892989942956265548e-01 9.969898210868635147e-01 7.739650012421874781e-01
6.875826341347499593e-01 8.704592424517160199e-01 -4.845351742419763408e-01 -8.235014513660340318e-01 7.178594154576827258e-01 8.036511970633710700e-01
8.460417113078712303e-02 5.873396376935063196e-02 -4.406043773615892500e-01 -7.906307921196120692e-01 -1.379227628750472334e-01 7.495604607682615494e-02
3.087656910614550165e-01 4.412512286221469959e-01 -5.128682296370650207e-01 -9.716667560221167177e-01 -9.708602772515397827e-01 3.410915483891430178e-01
1.735100517914484053e-02 -4.242463409346446807e-02 1.028998145659461683e+00 -6.471944621643641038e-02 -9.185402481537532360e-01 -8.944409026884241332e-01
-1.419185686692669979e-01 -1.693130573566363831e-02 1.093753601975335554e+00 -4.882676801510103803e-03 -5.073190823130042659e-01 -5.953943934187699849e-01
1.079269998802699915e+00 3.441324308538964288e-02 1.084702956865279289e+00 -3.801227887858944082e-02 1.982377290141670301e-01 8.906549844369568980e-01
-4.015440677593620777e-02 -1.145239682910999951e-01 9.096502526123737553e-01 2.465931405509224489e-02 -6.915771392439902243e-01 -7.330596040046795103e-01
-6.320666100553069544e-01 -7.570584878911669480e-02 9.334244354105309949e-01 1.790477835790251632e-03 -3.294244532124173119e-01 -7.922755936814100952e-01
1.344716799170089905e+00 7.108256526471733172e-02 1.025598703340818041e+00 -5.602523492776012581e-02 -7.123090710365820311e-01 2.164349472351219106e-01
-4.685884022729099874e-01 1.107205614688979989e-01 9.142644610934828053e-01 2.450674042458101873e-02 6.519260970758120610e-01 2.952108993069031406e-01
-1.910078665962799960e+00 4.178160502396108256e-02 9.247033946045728481e-01 5.804310650589685448e-03 7.651156659480047306e-01 -6.562735033502449244e-01
-6.726370219175560328e-01 4.411670748365442707e-02 1.043639572601032572e+00 8.619856626534309896e-02 3.264554415054221614e-01 -1.869856224317276716e-01
1.523172860172310017e+00 -3.325134249678191045e-02 1.089237571501843416e+00 2.562089920184110192e-02 -8.980828722463123359e-01 6.365315373887447947e-02
1.112951939495540055e+00 -5.007709825905388296e-02 1.007346678784065475e+00 1.364958508636350716e-02 -7.041196635189184150e-01 2.467542120776888837e-02
3.583602370132800141e-01 3.982755297119447251e-03 1.083968583103183114e+00 -4.431880761127264534e-02 -2.074997008977712554e-01 2.552286496673117355e-02
-1.498718855051510035e+00 5.619666935487471759e-02 1.049811308987584235e+00 6.316633206361151054e-02 7.855006882732396001e-02 -9.645985624612978260e-01
-2.487220070108140113e-01 5.896609324763690818e-02 1.017739165540953339e+00 7.976272363201586391e-02 8.772093265369802495e-01 7.084720769156043207e-01
2.012732431126329935e+00 -6.499531832541941001e-02 1.081542095234117484e+00 8.141117624957576460e-02 -8.779313189967512532e-01 6.229810734778622461e-01
-4.909278158126260116e-01 -3.071128824941216084e-02 9.512846533278449535e-01 -2.112576647931012352e-03 -5.552194889544748158e-02 -4.041199639457577764e-01
6.810025583293539686e-01 -9.958710190954810360e-01 -4.816296378088863461e-01 9.639309993731812742e-01 -8.118591790534532837e-01 2.504405767062634069e-01
-1.116477375827559931e-01 1.539391322511889926e-01 -4.679076639649873970e-01 9.580056733891043619e-01 1.313325272632273055e-01 -2.357911954482490025e-01
8.955862931703696683e-02 -2.630094869914800237e-01 -5.722485552344968029e-01 8.183665703483212761e-01 -2.236308827684898581e-01 -7.706565539723793101e-01
2.136988897129309950e-01 -3.166451764773700051e-01 -5.434999768348670601e-01 9.428706744186182709e-01 -2.404740254743673589e-01 3.485093737302797923e-01
6.787919814159625032e-02 -7.358705294375930683e-02 -4.930600496058305526e-01 8.781911678155679413e-01 -6.236818099265040161e-02 1.794832707279763184e-01
-1.072915636117869997e+00 8.095139478519419729e-01 -3.954766698636793532e-01 8.555049114147960099e-01 9.089036138162349676e-01 -9.270974997488672376e-01
5.328857594174649659e-01 -8.391570603638179859e-01 -5.552598822891697816e-01 8.231513277748118140e-01 -8.112660985069986008e-01 9.375115800860540638e-01
3.057193721754020155e-01 -5.693080395651549663e-01 -5.503253626568732626e-01 8.196726749915970167e-01 -5.128554921592587412e-01 -3.174752546632995109e-01
-6.114731192575459939e-01 7.304096328878280087e-01 -4.633067177169483686e-01 8.083033127129345408e-01 7.069881987339212692e-01 8.377368750780849194e-01
6.088905674091980025e-01 -6.599637774107820487e-01 -4.947211740221474918e-01 8.222889363880574454e-01 -6.339193412571626496e-01 8.842711935347946639e-01
-2.613784051829937116e-03 7.001524502240670522e-02 -4.523407726658643657e-01 8.121596930714850560e-01 5.376398928734693605e-02 6.225133386111398881e-01
5.696105120833829805e-01 -7.924500790171890019e-01 -4.691631869438948055e-01 9.261138516753999461e-01 -6.491417057130617341e-01 -8.083522963486200474e-01
2.746446259038610171e-01 -3.820598231202870232e-01 -4.534603890819677297e-01 9.637711337662928646e-01 -3.496019959044669445e-01 9.013648482484815094e-01
1.034425067773230011e-01 -1.745786478446559875e-01 -4.115318998567539799e-01 8.358415307892812507e-01 -1.621585952934421204e-01 -9.972501168889984502e-01
-1.894292351012610010e-01 2.458090903799640126e-01 -4.955853037873603761e-01 8.024132849655948307e-01 2.377201914208013633e-01 8.845451598018927442e-02
5.525962357528879654e-01 6.477838633254060507e-01 -5.135216090433630809e-01 -8.061183055462581848e-01 -7.811000278831576882e-01 6.707811940413819229e-01
-8.737382929659649466e-01 -1.198985606792619896e+00 -4.767370677145084112e-01 -9.443257860399438819e-01 2.860796197805157703e-01 -9.825863055035530813e-01
2.746176005509999851e-01 3.283274421057399972e-01 -5.233601795127814649e-01 -8.570140567161258494e-01 -6.603665916109286993e-01 2.908177200522237271e-01
-2.575275959459150110e-01 -4.440691986711030048e-01 -5.601565190062607336e-01 -8.996250331501616238e-01 -7.064071678521470776e-01 -3.391365830554482486e-01
9.285307214859600533e-01 9.052115132655580432e-01 -4.343940131868035404e-01 -8.769696362081920160e-01 -7.766443389830162136e-01 8.454313786535503361e-01
-4.910196625294789841e-01 -6.205356093762820491e-01 -5.251298133726801654e-01 -7.662374058309894265e-01 7.369015789763786461e-01 -8.388613511940212764e-01
-5.423506642286060053e-01 -7.653774149204819466e-01 -5.276548623202561572e-01 -8.338116171399001519e-01 2.016720016012396588e-01 -6.876547378554147549e-01
-3.393573818521850027e-01 -3.140759469291229955e-01 -3.904579284309401821e-01 -8.232474206665434391e-01 -7.645911648411125583e-01 -3.468164033033793725e-01
-5.057204995972740535e-01 -7.397703962053630011e-01 -5.119853733393437967e-01 -9.647250188025799922e-01 6.568665134826150442e-01 -5.703464303238467981e-01
-2.417011492957500118e-01 -3.113373551960990082e-01 -4.852620080585899887e-01 -8.675031919858580132e-01 -1.933432695513435107e-01 -2.590974628289119952e-01
2.531568650217579930e-01 2.684887960804049900e-01 -4.402619408702372894e-01 -8.660216626971065645e-01 1.233117485610859543e-01 2.462460998801780931e-01
-2.915484297144920189e-01 -3.815819329168880225e-01 -4.532203053583170327e-01 -9.263489961529710603e-01 -2.893130531247685155e-01 -3.295886327029207141e-01
-6.252972344057460274e-01 -6.391631421001390256e-01 -5.035801938131891919e-01 -7.815202929475224547e-01 9.815730194231209182e-01 -7.761983305771009700e-01
-5.780446588989289758e-01 -3.592541751145160167e-01 -4.034220904837720889e-01 -8.168816287891424999e-01 9.992128950819494371e-01 -4.290673918943090914e-01
